1
2
3
1
4
4
1
4
1
4
5
4
4
6
7
8
4
4
9
10
11
12
1
13
4
4
14
4
4
15
16
4
17
1
1
18
19
4
4
20
4
1
21
22
10
23
1
24
1
4
1
1
1
25
4
4
26
25
1
27
28
29
30
1
16
4
31
1
4
4
32
33
4
1
4
1
31
1
4
1
4
4
34
1
1
35
1
36
1
4
1
37
38
39
4
40
4
41
42
37
43
4
4
44
1
4
45
46
47
1
4
4
48
1
1
49
4
1
50
1
51
1
52
4
20
53
19
54
1
4
33
55
56
54
1
57
1
4
58
4
4
59
1
60
1
4
61
4
62
34
4
63
4
64
1
4
1
4
65
1
1
1
37
4
4
1
1
66
67
39
1
1
1
68
1
4
61
1
4
69
1
4
1
70
71
46
72
39
4
73
1
1
4
1
4
1
1
74
35
75
4
32
76
1
39
4
77
1
50
4
78
1
4
79
1
1
4
4
1
80
1
35
1
42
4
4
81
82
70
31
4
1
4
1
1
1
39
83
53
1
84
85
86
87
4
55
88
4
27
18
4
89
90
91
1
48
4
43
41
4
4
4
92
4
4
4
4
93
94
95
1
45
96
1
97
1
4
1
98
49
4
99
1
4
1
100
4
4
4
4
101
102
4
24
1
96
4
103
74
104
1
82
105
4
1
1
99
106
4
4
1
87
4
1
1
18
1
4
4
1
107
108
4
1
67
109
35
4
103
66
1
4
4
1
4
4
18
4
4
1
4
1
110
4
1
111
4
4
4
4
112
57
4
4
1
4
1
4
1
73
1
4
4
1
1
1
4
4
1
34
4
4
4
4
4
1
4
89
113
4
1
39
1
1
1
34
114
115
1
31
1
4
4
116
117
71
118
115
1
4
4
18
1
1
4
23
119
120
1
86
4
4
1
4
34
4
117
111
1
1
11
26
1
1
97
1
13
4
31
1
1
1
4
4
4
121
122
9
123
124
105
1
1
1
1
4
125
5
1
1
126
8
1
1
1
7
4
4
1
122
1
127
4
39
4
31
128
4
4
129
4
4
76
1
1
4
4
4
4
1
130
4
121
4
37
72
1
1
4
39
4
131
1
4
4
1
1
1
4
1
132
1
1
133
1
134
4
4
135
59
1
1
1
4
1
65
4
35
131
1
134
14
37
1
4
4
21
31
1
4
1
88
4
4
4
1
4
4
4
4
136
4
1
1
1
4
22
137
1
37
4
132
4
17
1
1
34
1
37
1
116
80
1
4
1
35
4
138
1
1
4
1
1
4
94
1
100
1
4
34
1
1
31
1
139
4
83
1
4
93
140
63
1
1
1
4
136
18
4
1
4
34
4
1
1
4
101
1
1
141
123
142
4
124
143
4
1
1
1
81
129
1
4
127
37
4
4
1
4
1
35
4
4
1
1
4
12
1
62
1
1
34
1
4
4
1
1
4
4
4
135
47
137
119
4
144
4
1
4
1
1
4
4
4
145
4
4
118
1
4
146
4
56
4
114
4
1
4
106
35
1
4
1
109
1
4
84
1
37
125
126
4
1
4
4
4
4
85
1
29
1
4
77
4
78
4
4
145
40
142
1
1
1
1
1
4
128
1
52
1
4
4
1
4
58
1
4
38
31
1
4
1
1
1
4
36
107
18
4
4
4
143
1
4
147
30
4
1
2
1
4
130
1
39
104
4
1
1
1
18
98
4
1
147
4
1
1
1
51
4
4
34
37
1
31
148
112
1
1
149
1
1
4
138
140
4
6
1
1
1
1
1
4
18
4
148
1
44
39
1
4
150
39
90
1
102
108
141
1
1
4
113
4
4
151
1
79
1
1
110
1
150
35
4
1
4
4
